version 1
nodes
  0 "Bip01" -1
  1 "Bip01 Pelvis" 0
  2 "Bip01 Spine" 1
  3 "Bip01 Spine1" 2
  4 "Bip01 Spine2" 3
  5 "Bip01 Spine3" 4
  6 "Bip01 Neck" 5
  7 "Bip01 L Clavicle" 6
  8 "Bip01 L UpperArm" 7
  9 "Bip01 R Clavicle" 6
  10 "Bip01 R UpperArm" 9
  11 "Bip01 Head" 6
  12 "Bip01 L Thigh" 2
  13 "Bip01 R Thigh" 2
  14 "Bip01 L Calf" 12
  15 "Bip01 R Calf" 13
  16 "Bip01 L Foot" 14
  17 "Bip01 L Toe0" 16
  18 "Bip01 R Foot" 15
  19 "Bip01 R Toe0" 18
  20 "Bip01 R Forearm" 10
  21 "Bip01 R Hand" 20
  22 "Bip01 R Finger0" 21
  23 "Bip01 R Finger01" 22
  24 "Bip01 R Finger2" 21
  25 "Bip01 R Finger21" 24
  26 "Bip01 R Finger22" 25
  27 "Bip01 L Forearm" 8
  28 "Bip01 L Hand" 27
  29 "Bip01 L Finger0" 28
  30 "Bip01 L Finger01" 29
  31 "Bip01 L Finger2" 28
  32 "Bip01 L Finger21" 31
end
skeleton
  time 0
    0 -0.113742 0.270458 38.496143 0.000000 0.000000 -1.570795
    1 0.270458 0.000000 0.000000 -1.570765 -1.570796 0.000000
    2 3.928661 0.383633 0.000004 -0.000004 -0.000001 0.018250
    3 3.442968 -0.003536 0.000000 0.000000 0.000000 0.008727
    4 4.441438 -0.003536 0.000000 0.000000 0.000000 0.017453
    5 4.441391 -0.003537 0.000000 0.000000 0.000000 0.000000
    6 4.441392 -0.002040 0.000000 0.000000 0.000000 0.000000
    7 0.000001 0.002036 1.614274 -0.000014 -1.370795 3.140810
    8 5.073842 0.000000 0.000001 -0.056382 -0.188980 0.023640
    9 0.000003 0.002045 -1.614274 -0.000014 1.370796 3.140783
    10 4.700060 0.000000 0.000003 0.061425 0.184857 0.040616
    11 2.562340 0.000000 0.000000 0.000000 0.000000 -0.044431
    12 -3.935009 -0.311884 3.416452 -3.140663 -0.026594 3.077976
    13 -3.935006 -0.311865 -3.416451 3.139853 0.022728 3.078752
    14 19.302956 0.000000 0.000000 0.000000 0.000000 -0.171513
    15 19.302956 0.000000 0.000000 0.000000 0.000000 -0.175483
    16 15.657714 0.000001 0.000000 -0.165532 -0.026608 0.126154
    17 3.741828 7.474067 0.000000 0.000000 0.000000 1.570796
    18 15.657708 0.000000 0.000000 0.140349 0.022783 0.130920
    19 3.741826 7.351519 0.000001 0.000000 0.000000 1.570796
    20 12.393687 0.000000 0.000004 0.001921 0.001649 -0.017897
    21 9.316840 0.000001 -0.000001 1.570000 -0.087266 0.000000
    22 1.491323 0.034756 1.438863 -0.038388 -0.257862 0.215820
    23 0.607805 -0.000001 -0.000002 0.000000 0.000000 0.000000
    24 3.716067 0.002913 0.177525 0.002917 -0.000227 0.122154
    25 1.294390 0.000001 -0.000002 0.000000 0.000000 0.000000
    26 1.183917 0.000002 -0.000001 0.000000 0.000000 0.000000
    27 12.350968 0.000000 -0.000002 0.000000 0.000000 -0.005341
    28 9.233649 0.000000 0.000002 -1.570000 0.139626 0.000000
    29 1.488534 0.259447 -1.427523 -0.000826 0.270526 -0.000221
    30 0.625235 -0.000002 0.000001 0.000000 0.000000 0.000000
    31 3.826893 -0.002118 -0.118181 -0.000797 0.026180 -0.000021
    32 1.172001 -0.000001 0.000000 0.000000 0.000000 0.000000
end
triangles
cop_hat_bill.bmp
  11 1.966504 -7.321906 70.801259 0.712792 -0.367611 0.597319 0.031746 0.741935
  11 2.146447 -5.321900 71.151257 0.282844 0.652209 0.703294 0.015873 0.322581
  11 -0.253553 -5.321969 71.161260 0.000823 0.223545 0.974693 0.253968 0.322581
cop_hat_bill.bmp
  11 -0.253553 -5.321969 71.161260 0.000823 0.223545 0.974693 0.253968 0.322581
  11 2.146447 -5.321900 71.151257 0.282844 0.652209 0.703294 0.015873 0.322581
  11 -0.283554 -5.291970 70.731260 -0.004323 0.642354 -0.766396 0.253968 0.290323
cop_hat_bill.bmp
  11 2.146447 -5.321900 71.151257 0.282844 0.652209 0.703294 0.015873 0.322581
  11 2.526446 -5.301889 70.751257 0.884077 0.420979 -0.202940 0.000000 0.290323
  11 -0.283554 -5.291970 70.731260 -0.004323 0.642354 -0.766396 0.253968 0.290323
cop_hat_bill.bmp
  11 -0.283554 -5.291970 70.731260 -0.004323 0.642354 -0.766396 0.253968 0.290323
  11 2.526446 -5.301889 70.751257 0.884077 0.420979 -0.202940 0.000000 0.290323
  11 -0.283554 -5.291970 70.731260 -0.004323 0.642354 -0.766396 0.253968 0.290323
cop_hat_bill.bmp
  11 2.526446 -5.301889 70.751257 0.884077 0.420979 -0.202940 0.000000 0.290323
  11 1.866505 -7.381909 70.231259 0.595650 -0.159523 -0.787244 0.047619 0.741935
  11 -0.283554 -5.291970 70.731260 -0.004323 0.642354 -0.766396 0.253968 0.290323
cop_hat_bill.bmp
  11 -0.283554 -5.291970 70.731260 -0.004323 0.642354 -0.766396 0.253968 0.290323
  11 1.866505 -7.381909 70.231259 0.595650 -0.159523 -0.787244 0.047619 0.741935
  11 1.086546 -8.831931 70.271261 0.537070 -0.813829 -0.221898 0.126984 0.935484
cop_hat_bill.bmp
  11 1.866505 -7.381909 70.231259 0.595650 -0.159523 -0.787244 0.047619 0.741935
  11 1.966504 -7.321906 70.801259 0.712792 -0.367611 0.597319 0.031746 0.741935
  11 1.086546 -8.831931 70.271261 0.537070 -0.813829 -0.221898 0.126984 0.935484
cop_hat_bill.bmp
  11 1.086546 -8.831931 70.271261 0.537070 -0.813829 -0.221898 0.126984 0.935484
  11 1.966504 -7.321906 70.801259 0.712792 -0.367611 0.597319 0.031746 0.741935
  11 1.006540 -8.591933 70.771260 0.340334 -0.455813 0.822440 0.126984 0.903226
cop_hat_bill.bmp
  11 1.966504 -7.321906 70.801259 0.712792 -0.367611 0.597319 0.031746 0.741935
  11 -0.253553 -5.321969 71.161260 0.000823 0.223545 0.974693 0.253968 0.322581
  11 1.006540 -8.591933 70.771260 0.340334 -0.455813 0.822440 0.126984 0.903226
cop_hat_bill.bmp
  11 1.006540 -8.591933 70.771260 0.340334 -0.455813 0.822440 0.126984 0.903226
  11 -0.253553 -5.321969 71.161260 0.000823 0.223545 0.974693 0.253968 0.322581
  11 -0.253453 -8.821969 70.961263 0.004852 -0.666752 0.745264 0.269841 0.967742
cop_hat_bill.bmp
  11 -0.253553 -5.321969 71.161260 0.000823 0.223545 0.974693 0.253968 0.322581
  11 -1.493460 -8.582004 70.821263 -0.344309 -0.444020 0.827223 0.396825 0.903226
  11 -0.253453 -8.821969 70.961263 0.004852 -0.666752 0.745264 0.269841 0.967742
cop_hat_bill.bmp
  11 -0.253453 -8.821969 70.961263 0.004852 -0.666752 0.745264 0.269841 0.967742
  11 -1.493460 -8.582004 70.821263 -0.344309 -0.444020 0.827223 0.396825 0.903226
  11 -1.583454 -8.822007 70.321264 -0.541497 -0.832699 -0.115734 0.412698 0.935484
cop_hat_bill.bmp
  11 -1.493460 -8.582004 70.821263 -0.344309 -0.444020 0.827223 0.396825 0.903226
  11 -2.413497 -7.292031 70.821263 -0.635339 -0.355387 0.685598 0.492063 0.709677
  11 -1.583454 -8.822007 70.321264 -0.541497 -0.832699 -0.115734 0.412698 0.935484
cop_hat_bill.bmp
  11 -1.583454 -8.822007 70.321264 -0.541497 -0.832699 -0.115734 0.412698 0.935484
  11 -2.413497 -7.292031 70.821263 -0.635339 -0.355387 0.685598 0.492063 0.709677
  11 -2.543496 -7.362035 70.241264 -0.708046 -0.245375 -0.662164 0.507937 0.709677
cop_hat_bill.bmp
  11 -2.413497 -7.292031 70.821263 -0.635339 -0.355387 0.685598 0.492063 0.709677
  11 -3.123554 -5.292051 70.751263 -0.919083 0.394048 -0.003543 0.555556 0.290323
  11 -2.543496 -7.362035 70.241264 -0.708046 -0.245375 -0.662164 0.507937 0.709677
cop_hat_bill.bmp
  11 -2.543496 -7.362035 70.241264 -0.708046 -0.245375 -0.662164 0.507937 0.709677
  11 -3.123554 -5.292051 70.751263 -0.919083 0.394048 -0.003543 0.555556 0.290323
  11 -0.283554 -5.291970 70.731260 -0.004323 0.642354 -0.766396 0.253968 0.290323
cop_hat_bill.bmp
  11 -3.123554 -5.292051 70.751263 -0.919083 0.394048 -0.003543 0.555556 0.290323
  11 -2.733553 -5.322040 71.131263 -0.280856 0.641993 0.713417 0.523810 0.322581
  11 -0.283554 -5.291970 70.731260 -0.004323 0.642354 -0.766396 0.253968 0.290323
cop_hat_bill.bmp
  11 -0.283554 -5.291970 70.731260 -0.004323 0.642354 -0.766396 0.253968 0.290323
  11 -2.733553 -5.322040 71.131263 -0.280856 0.641993 0.713417 0.523810 0.322581
  11 -0.253553 -5.321969 71.161260 0.000823 0.223545 0.974693 0.253968 0.322581
cop_hat_bill.bmp
  11 -2.733553 -5.322040 71.131263 -0.280856 0.641993 0.713417 0.523810 0.322581
  11 -2.413497 -7.292031 70.821263 -0.635339 -0.355387 0.685598 0.492063 0.709677
  11 -0.253553 -5.321969 71.161260 0.000823 0.223545 0.974693 0.253968 0.322581
cop_hat_bill.bmp
  11 -0.253553 -5.321969 71.161260 0.000823 0.223545 0.974693 0.253968 0.322581
  11 -2.413497 -7.292031 70.821263 -0.635339 -0.355387 0.685598 0.492063 0.709677
  11 -0.253553 -5.321969 71.161260 0.000823 0.223545 0.974693 0.253968 0.322581
cop_hat_bill.bmp
  11 -2.413497 -7.292031 70.821263 -0.635339 -0.355387 0.685598 0.492063 0.709677
  11 -0.253553 -5.321969 71.161260 0.000823 0.223545 0.974693 0.253968 0.322581
  11 -0.253553 -5.321969 71.161260 0.000823 0.223545 0.974693 0.253968 0.322581
cop_hat_bill.bmp
  11 -0.253553 -5.321969 71.161260 0.000823 0.223545 0.974693 0.253968 0.322581
  11 -0.253553 -5.321969 71.161260 0.000823 0.223545 0.974693 0.253968 0.322581
  11 -0.253553 -5.321969 71.161260 0.000823 0.223545 0.974693 0.253968 0.322581
cop_hat_bill.bmp
  11 -0.253553 -5.321969 71.161260 0.000823 0.223545 0.974693 0.253968 0.322581
  11 -0.253553 -5.321969 71.161260 0.000823 0.223545 0.974693 0.253968 0.322581
  11 -0.253553 -5.321969 71.161260 0.000823 0.223545 0.974693 0.253968 0.322581
cop_hat_bill.bmp
  11 -0.253553 -5.321969 71.161260 0.000823 0.223545 0.974693 0.253968 0.322581
  11 -0.253553 -5.321969 71.161260 0.000823 0.223545 0.974693 0.253968 0.322581
  11 -0.253553 -5.321969 71.161260 0.000823 0.223545 0.974693 0.253968 0.322581
cop_hat_bill.bmp
  11 -0.253553 -5.321969 71.161260 0.000823 0.223545 0.974693 0.253968 0.322581
  11 -0.253553 -5.321969 71.161260 0.000823 0.223545 0.974693 0.253968 0.322581
  11 -0.253553 -5.321969 71.161260 0.000823 0.223545 0.974693 0.253968 0.322581
cop_hat_bill.bmp
  11 -0.253553 -5.321969 71.161260 0.000823 0.223545 0.974693 0.253968 0.322581
  11 -0.253553 -5.321969 71.161260 0.000823 0.223545 0.974693 0.253968 0.322581
  11 -0.253553 -5.321969 71.161260 0.000823 0.223545 0.974693 0.253968 0.322581
cop_hat_bill.bmp
  11 -0.253553 -5.321969 71.161260 0.000823 0.223545 0.974693 0.253968 0.322581
  11 -0.253553 -5.321969 71.161260 0.000823 0.223545 0.974693 0.253968 0.322581
  11 -0.253553 -5.321969 71.161260 0.000823 0.223545 0.974693 0.253968 0.322581
cop_hat_bill.bmp
  11 -0.253553 -5.321969 71.161260 0.000823 0.223545 0.974693 0.253968 0.322581
  11 1.966504 -7.321906 70.801259 0.712792 -0.367611 0.597319 0.031746 0.741935
  11 -0.253553 -5.321969 71.161260 0.000823 0.223545 0.974693 0.253968 0.322581
cop_hat_bill.bmp
  11 -0.253553 -5.321969 71.161260 0.000823 0.223545 0.974693 0.253968 0.322581
  11 -0.253553 -5.321969 71.161260 0.000823 0.223545 0.974693 0.253968 0.322581
  11 1.966504 -7.321906 70.801259 0.712792 -0.367611 0.597319 0.031746 0.741935
cop_hat_bill.bmp
  11 -0.253553 -5.321969 71.161260 0.000823 0.223545 0.974693 0.253968 0.322581
  11 -0.283554 -5.291970 70.731260 -0.004323 0.642354 -0.766396 0.253968 0.290323
  11 -0.253553 -5.321969 71.161260 0.000823 0.223545 0.974693 0.253968 0.322581
cop_hat_bill.bmp
  11 -0.253553 -5.321969 71.161260 0.000823 0.223545 0.974693 0.253968 0.322581
  11 -0.253553 -5.321969 71.161260 0.000823 0.223545 0.974693 0.253968 0.322581
  11 -0.283554 -5.291970 70.731260 -0.004323 0.642354 -0.766396 0.253968 0.290323
cop_hat_bill.bmp
  11 -0.253553 -5.321969 71.161260 0.000823 0.223545 0.974693 0.253968 0.322581
  11 -0.253453 -8.821969 70.961263 0.004852 -0.666752 0.745264 0.269841 0.967742
  11 -0.253553 -5.321969 71.161260 0.000823 0.223545 0.974693 0.253968 0.322581
cop_hat_bill.bmp
  11 -0.253553 -5.321969 71.161260 0.000823 0.223545 0.974693 0.253968 0.322581
  11 -0.253553 -5.321969 71.161260 0.000823 0.223545 0.974693 0.253968 0.322581
  11 -0.253453 -8.821969 70.961263 0.004852 -0.666752 0.745264 0.269841 0.967742
cop_hat_bill.bmp
  11 -0.283554 -5.291970 70.731260 -0.004323 0.642354 -0.766396 0.253968 0.290323
  11 -0.253553 -5.321969 71.161260 0.000823 0.223545 0.974693 0.253968 0.322581
  11 -0.283554 -5.291970 70.731260 -0.004323 0.642354 -0.766396 0.253968 0.290323
cop_hat_bill.bmp
  11 -0.283554 -5.291970 70.731260 -0.004323 0.642354 -0.766396 0.253968 0.290323
  11 -0.283554 -5.291970 70.731260 -0.004323 0.642354 -0.766396 0.253968 0.290323
  11 -0.253553 -5.321969 71.161260 0.000823 0.223545 0.974693 0.253968 0.322581
cop_hat_bill.bmp
  11 -0.283554 -5.291970 70.731260 -0.004323 0.642354 -0.766396 0.253968 0.290323
  11 -0.283554 -5.291970 70.731260 -0.004323 0.642354 -0.766396 0.253968 0.290323
  11 -0.283554 -5.291970 70.731260 -0.004323 0.642354 -0.766396 0.253968 0.290323
cop_hat_bill.bmp
  11 -0.283554 -5.291970 70.731260 -0.004323 0.642354 -0.766396 0.253968 0.290323
  11 -0.283554 -5.291970 70.731260 -0.004323 0.642354 -0.766396 0.253968 0.290323
  11 -0.283554 -5.291970 70.731260 -0.004323 0.642354 -0.766396 0.253968 0.290323
cop_hat_bill.bmp
  11 -0.283554 -5.291970 70.731260 -0.004323 0.642354 -0.766396 0.253968 0.290323
  11 -1.583454 -8.822007 70.321264 -0.541497 -0.832699 -0.115734 0.412698 0.935484
  11 -0.283554 -5.291970 70.731260 -0.004323 0.642354 -0.766396 0.253968 0.290323
cop_hat_bill.bmp
  11 -0.283554 -5.291970 70.731260 -0.004323 0.642354 -0.766396 0.253968 0.290323
  11 -0.283554 -5.291970 70.731260 -0.004323 0.642354 -0.766396 0.253968 0.290323
  11 -1.583454 -8.822007 70.321264 -0.541497 -0.832699 -0.115734 0.412698 0.935484
cop_hat_bill.bmp
  11 -0.283554 -5.291970 70.731260 -0.004323 0.642354 -0.766396 0.253968 0.290323
  11 1.086546 -8.831931 70.271261 0.537070 -0.813829 -0.221898 0.126984 0.935484
  11 -0.283554 -5.291970 70.731260 -0.004323 0.642354 -0.766396 0.253968 0.290323
cop_hat_bill.bmp
  11 -0.283554 -5.291970 70.731260 -0.004323 0.642354 -0.766396 0.253968 0.290323
  11 -0.283554 -5.291970 70.731260 -0.004323 0.642354 -0.766396 0.253968 0.290323
  11 -0.283554 -5.291970 70.731260 -0.004323 0.642354 -0.766396 0.253968 0.290323
cop_hat_bill.bmp
  11 -0.283554 -5.291970 70.731260 -0.004323 0.642354 -0.766396 0.253968 0.290323
  11 -0.283554 -5.291970 70.731260 -0.004323 0.642354 -0.766396 0.253968 0.290323
  11 -0.283554 -5.291970 70.731260 -0.004323 0.642354 -0.766396 0.253968 0.290323
cop_hat_bill.bmp
  11 -0.283554 -5.291970 70.731260 -0.004323 0.642354 -0.766396 0.253968 0.290323
  11 1.086546 -8.831931 70.271261 0.537070 -0.813829 -0.221898 0.126984 0.935484
  11 -0.283554 -5.291970 70.731260 -0.004323 0.642354 -0.766396 0.253968 0.290323
cop_hat_bill.bmp
  11 -0.283554 -5.291970 70.731260 -0.004323 0.642354 -0.766396 0.253968 0.290323
  11 1.086546 -8.831931 70.271261 0.537070 -0.813829 -0.221898 0.126984 0.935484
  11 -0.253446 -9.091969 70.491262 -0.008993 -0.846877 -0.531713 0.269841 1.000000
cop_hat_bill.bmp
  11 1.086546 -8.831931 70.271261 0.537070 -0.813829 -0.221898 0.126984 0.935484
  11 -0.253453 -8.821969 70.961263 0.004852 -0.666752 0.745264 0.269841 0.967742
  11 -0.253446 -9.091969 70.491262 -0.008993 -0.846877 -0.531713 0.269841 1.000000
cop_hat_bill.bmp
  11 -0.253446 -9.091969 70.491262 -0.008993 -0.846877 -0.531713 0.269841 1.000000
  11 -0.253453 -8.821969 70.961263 0.004852 -0.666752 0.745264 0.269841 0.967742
  11 -1.583454 -8.822007 70.321264 -0.541497 -0.832699 -0.115734 0.412698 0.935484
cop_hat_bill.bmp
  11 -3.123554 -5.292051 70.751263 -0.919083 0.394048 -0.003543 0.555556 0.290323
  11 -0.283554 -5.291970 70.731260 -0.004323 0.642354 -0.766396 0.253968 0.290323
  11 -0.283554 -5.291970 70.731260 -0.004323 0.642354 -0.766396 0.253968 0.290323
cop_hat_bill.bmp
  11 -0.283554 -5.291970 70.731260 -0.004323 0.642354 -0.766396 0.253968 0.290323
  11 -0.283554 -5.291970 70.731260 -0.004323 0.642354 -0.766396 0.253968 0.290323
  11 -3.123554 -5.292051 70.751263 -0.919083 0.394048 -0.003543 0.555556 0.290323
cop_hat_bill.bmp
  11 -0.253553 -5.321969 71.161260 0.000823 0.223545 0.974693 0.253968 0.322581
  11 -0.283554 -5.291970 70.731260 -0.004323 0.642354 -0.766396 0.253968 0.290323
  11 -0.283554 -5.291970 70.731260 -0.004323 0.642354 -0.766396 0.253968 0.290323
cop_hat_bill.bmp
  11 -0.283554 -5.291970 70.731260 -0.004323 0.642354 -0.766396 0.253968 0.290323
  11 -0.283554 -5.291970 70.731260 -0.004323 0.642354 -0.766396 0.253968 0.290323
  11 -0.253553 -5.321969 71.161260 0.000823 0.223545 0.974693 0.253968 0.322581
cop_hat_bill.bmp
  11 -2.543496 -7.362035 70.241264 -0.708046 -0.245375 -0.662164 0.507937 0.709677
  11 -0.283554 -5.291970 70.731260 -0.004323 0.642354 -0.766396 0.253968 0.290323
  11 -1.583454 -8.822007 70.321264 -0.541497 -0.832699 -0.115734 0.412698 0.935484
cop_hat_bill.bmp
  11 -1.583454 -8.822007 70.321264 -0.541497 -0.832699 -0.115734 0.412698 0.935484
  11 -0.283554 -5.291970 70.731260 -0.004323 0.642354 -0.766396 0.253968 0.290323
  11 -0.253446 -9.091969 70.491262 -0.008993 -0.846877 -0.531713 0.269841 1.000000
cop_hat_bill.bmp
  11 1.866505 -7.381909 70.231259 0.595650 -0.159523 -0.787244 0.047619 0.741935
  11 2.526446 -5.301889 70.751257 0.884077 0.420979 -0.202940 0.000000 0.290323
  11 1.966504 -7.321906 70.801259 0.712792 -0.367611 0.597319 0.031746 0.741935
cop_hat_bill.bmp
  11 1.966504 -7.321906 70.801259 0.712792 -0.367611 0.597319 0.031746 0.741935
  11 2.526446 -5.301889 70.751257 0.884077 0.420979 -0.202940 0.000000 0.290323
  11 2.146447 -5.321900 71.151257 0.282844 0.652209 0.703294 0.015873 0.322581
cop_hat_bill.bmp
  11 -0.283554 -5.291970 70.731260 -0.004323 0.642354 -0.766396 0.253968 0.290323
  11 2.526446 -5.301889 70.751257 0.884077 0.420979 -0.202940 0.000000 0.290323
  11 -0.283554 -5.291970 70.731260 -0.004323 0.642354 -0.766396 0.253968 0.290323
cop_hat_bill.bmp
  11 1.006540 -8.591933 70.771260 0.340334 -0.455813 0.822440 0.126984 0.903226
  11 -0.253453 -8.821969 70.961263 0.004852 -0.666752 0.745264 0.269841 0.967742
  11 1.086546 -8.831931 70.271261 0.537070 -0.813829 -0.221898 0.126984 0.935484
cop_hat_bill.bmp
  11 -2.733553 -5.322040 71.131263 -0.280856 0.641993 0.713417 0.523810 0.322581
  11 -3.123554 -5.292051 70.751263 -0.919083 0.394048 -0.003543 0.555556 0.290323
  11 -2.413497 -7.292031 70.821263 -0.635339 -0.355387 0.685598 0.492063 0.709677
cop_hat_bill.bmp
  11 -1.493460 -8.582004 70.821263 -0.344309 -0.444020 0.827223 0.396825 0.903226
  11 -0.253553 -5.321969 71.161260 0.000823 0.223545 0.974693 0.253968 0.322581
  11 -2.413497 -7.292031 70.821263 -0.635339 -0.355387 0.685598 0.492063 0.709677
cop_hat_left.bmp
  11 -2.823585 -4.232042 70.631262 -0.948593 -0.220883 -0.226676 0.582677 0.222222
  11 -3.333582 -4.232055 73.381263 -0.992884 -0.102443 0.060714 0.606299 0.841270
  11 -3.223638 -2.362054 70.451261 -0.976866 -0.026058 -0.212257 0.401575 0.142857
cop_hat_left.bmp
  11 -3.223638 -2.362054 70.451261 -0.976866 -0.026058 -0.212257 0.401575 0.142857
  11 -3.333582 -4.232055 73.381263 -0.992884 -0.102443 0.060714 0.606299 0.841270
  11 -3.333636 -2.372055 72.701261 -0.945429 -0.105471 -0.308287 0.425197 0.698413
cop_hat_left.bmp
  11 -3.333582 -4.232055 73.381263 -0.992884 -0.102443 0.060714 0.606299 0.841270
  11 -3.643652 -1.782064 73.021261 -0.854826 0.051984 0.516305 0.377953 0.761905
  11 -3.333636 -2.372055 72.701261 -0.945429 -0.105471 -0.308287 0.425197 0.698413
cop_hat_left.bmp
  11 -3.333636 -2.372055 72.701261 -0.945429 -0.105471 -0.308287 0.425197 0.698413
  11 -3.643652 -1.782064 73.021261 -0.854826 0.051984 0.516305 0.377953 0.761905
  11 -3.323696 -0.302056 72.011260 -0.912662 0.132170 -0.386755 0.228346 0.523810
cop_hat_left.bmp
  11 -3.643652 -1.782064 73.021261 -0.854826 0.051984 0.516305 0.377953 0.761905
  11 -3.403701 -0.102058 72.551260 -0.792930 0.237771 0.561006 0.204724 0.698413
  11 -3.323696 -0.302056 72.011260 -0.912662 0.132170 -0.386755 0.228346 0.523810
cop_hat_left.bmp
  11 -3.323696 -0.302056 72.011260 -0.912662 0.132170 -0.386755 0.228346 0.523810
  11 -3.403701 -0.102058 72.551260 -0.792930 0.237771 0.561006 0.204724 0.698413
  11 -3.273758 1.857946 72.011259 -0.738694 0.567185 -0.364187 0.039370 0.619048
cop_hat_left.bmp
  11 -3.403701 -0.102058 72.551260 -0.792930 0.237771 0.561006 0.204724 0.698413
  11 -0.413650 -1.861972 73.471257 0.002425 0.075007 0.997180 0.377953 0.920635
  11 -3.273758 1.857946 72.011259 -0.738694 0.567185 -0.364187 0.039370 0.619048
cop_hat_left.bmp
  11 -3.273758 1.857946 72.011259 -0.738694 0.567185 -0.364187 0.039370 0.619048
  11 -0.413650 -1.861972 73.471257 0.002425 0.075007 0.997180 0.377953 0.920635
  11 -0.403778 2.568028 71.781255 0.001078 0.995103 0.098841 0.000000 0.523810
cop_hat_left.bmp
  11 -0.413650 -1.861972 73.471257 0.002425 0.075007 0.997180 0.377953 0.920635
  11 2.316243 1.858106 72.091253 0.741092 0.593431 -0.314042 0.039370 0.619048
  11 -0.403778 2.568028 71.781255 0.001078 0.995103 0.098841 0.000000 0.523810
cop_hat_left.bmp
  11 -0.403778 2.568028 71.781255 0.001078 0.995103 0.098841 0.000000 0.523810
  11 2.316243 1.858106 72.091253 0.741092 0.593431 -0.314042 0.039370 0.619048
  11 -0.403755 1.748027 71.341256 0.008778 0.735187 -0.677808 0.039370 0.365079
cop_hat_left.bmp
  11 2.316243 1.858106 72.091253 0.741092 0.593431 -0.314042 0.039370 0.619048
  11 1.246261 1.188075 71.491254 0.519597 0.588376 -0.619543 0.086614 0.444444
  11 -0.403755 1.748027 71.341256 0.008778 0.735187 -0.677808 0.039370 0.365079
cop_hat_left.bmp
  11 -0.403755 1.748027 71.341256 0.008778 0.735187 -0.677808 0.039370 0.365079
  11 1.246261 1.188075 71.491254 0.519597 0.588376 -0.619543 0.086614 0.444444
  11 1.976259 1.188094 69.701253 0.656797 0.734990 -0.168544 0.110236 0.222222
cop_hat_left.bmp
  11 1.246261 1.188075 71.491254 0.519597 0.588376 -0.619543 0.086614 0.444444
  11 2.466304 -0.311890 71.991253 0.947280 0.178924 -0.265795 0.228346 0.523810
  11 1.976259 1.188094 69.701253 0.656797 0.734990 -0.168544 0.110236 0.222222
cop_hat_left.bmp
  11 1.976259 1.188094 69.701253 0.656797 0.734990 -0.168544 0.110236 0.222222
  11 2.466304 -0.311890 71.991253 0.947280 0.178924 -0.265795 0.228346 0.523810
  11 2.736298 -0.171884 70.021253 0.943726 0.260413 -0.203878 0.228346 0.222222
cop_hat_left.bmp
  11 2.466304 -0.311890 71.991253 0.947280 0.178924 -0.265795 0.228346 0.523810
  11 2.696361 -2.361885 70.461255 0.996194 0.045243 -0.074500 0.401575 0.142857
  11 2.736298 -0.171884 70.021253 0.943726 0.260413 -0.203878 0.228346 0.222222
cop_hat_left.bmp
  11 2.696361 -2.361885 70.461255 -0.996194 -0.045243 0.074500 0.401575 0.142857
  11 2.466304 -0.311890 71.991253 -0.947280 -0.178924 0.265795 0.228346 0.523810
  11 2.736298 -0.171884 70.021253 -0.943726 -0.260413 0.203878 0.228346 0.222222
cop_hat_left.bmp
  11 2.736298 -0.171884 70.021253 -0.943726 -0.260413 0.203878 0.228346 0.222222
  11 2.466304 -0.311890 71.991253 -0.947280 -0.178924 0.265795 0.228346 0.523810
  11 1.976259 1.188094 69.701253 -0.656797 -0.734990 0.168544 0.110236 0.222222
cop_hat_left.bmp
  11 2.466304 -0.311890 71.991253 -0.947280 -0.178924 0.265795 0.228346 0.523810
  11 1.246261 1.188075 71.491254 -0.519597 -0.588376 0.619543 0.086614 0.444444
  11 1.976259 1.188094 69.701253 -0.656797 -0.734990 0.168544 0.110236 0.222222
cop_hat_left.bmp
  11 1.976259 1.188094 69.701253 -0.656797 -0.734990 0.168544 0.110236 0.222222
  11 1.246261 1.188075 71.491254 -0.519597 -0.588376 0.619543 0.086614 0.444444
  11 -0.403755 1.748027 71.341256 -0.008778 -0.735187 0.677808 0.039370 0.365079
cop_hat_left.bmp
  11 1.246261 1.188075 71.491254 -0.519597 -0.588376 0.619543 0.086614 0.444444
  11 2.316243 1.858106 72.091253 -0.741092 -0.593431 0.314042 0.039370 0.619048
  11 -0.403755 1.748027 71.341256 -0.008778 -0.735187 0.677808 0.039370 0.365079
cop_hat_left.bmp
  11 -0.403755 1.748027 71.341256 -0.008778 -0.735187 0.677808 0.039370 0.365079
  11 2.316243 1.858106 72.091253 -0.741092 -0.593431 0.314042 0.039370 0.619048
  11 -0.403778 2.568028 71.781255 -0.001078 -0.995103 -0.098841 0.000000 0.523810
cop_hat_left.bmp
  11 2.316243 1.858106 72.091253 -0.741092 -0.593431 0.314042 0.039370 0.619048
  11 -0.413650 -1.861972 73.471257 -0.002425 -0.075007 -0.997180 0.377953 0.920635
  11 -0.403778 2.568028 71.781255 -0.001078 -0.995103 -0.098841 0.000000 0.523810
cop_hat_left.bmp
  11 -0.403778 2.568028 71.781255 -0.001078 -0.995103 -0.098841 0.000000 0.523810
  11 -0.413650 -1.861972 73.471257 -0.002425 -0.075007 -0.997180 0.377953 0.920635
  11 -3.273758 1.857946 72.011259 0.738694 -0.567185 0.364187 0.039370 0.619048
cop_hat_left.bmp
  11 -0.413650 -1.861972 73.471257 -0.002425 -0.075007 -0.997180 0.377953 0.920635
  11 -3.403701 -0.102058 72.551260 0.792930 -0.237771 -0.561006 0.204724 0.698413
  11 -3.273758 1.857946 72.011259 0.738694 -0.567185 0.364187 0.039370 0.619048
cop_hat_left.bmp
  11 -3.273758 1.857946 72.011259 0.738694 -0.567185 0.364187 0.039370 0.619048
  11 -3.403701 -0.102058 72.551260 0.792930 -0.237771 -0.561006 0.204724 0.698413
  11 -3.323696 -0.302056 72.011260 0.912662 -0.132170 0.386755 0.228346 0.523810
cop_hat_left.bmp
  11 -3.403701 -0.102058 72.551260 0.792930 -0.237771 -0.561006 0.204724 0.698413
  11 -3.643652 -1.782064 73.021261 0.854826 -0.051984 -0.516305 0.377953 0.761905
  11 -3.323696 -0.302056 72.011260 0.912662 -0.132170 0.386755 0.228346 0.523810
cop_hat_left.bmp
  11 -3.323696 -0.302056 72.011260 0.912662 -0.132170 0.386755 0.228346 0.523810
  11 -3.643652 -1.782064 73.021261 0.854826 -0.051984 -0.516305 0.377953 0.761905
  11 -3.333636 -2.372055 72.701261 0.945429 0.105471 0.308287 0.425197 0.698413
cop_hat_left.bmp
  11 -3.643652 -1.782064 73.021261 0.854826 -0.051984 -0.516305 0.377953 0.761905
  11 -3.333582 -4.232055 73.381263 0.992884 0.102443 -0.060714 0.606299 0.841270
  11 -3.333636 -2.372055 72.701261 0.945429 0.105471 0.308287 0.425197 0.698413
cop_hat_left.bmp
  11 -3.333636 -2.372055 72.701261 0.945429 0.105471 0.308287 0.425197 0.698413
  11 -3.333582 -4.232055 73.381263 0.992884 0.102443 -0.060714 0.606299 0.841270
  11 -3.223638 -2.362054 70.451261 0.976866 0.026058 0.212257 0.401575 0.142857
cop_hat_left.bmp
  11 -3.333582 -4.232055 73.381263 0.992884 0.102443 -0.060714 0.606299 0.841270
  11 -2.823585 -4.232042 70.631262 0.948593 0.220883 0.226676 0.582677 0.222222
  11 -3.223638 -2.362054 70.451261 0.976866 0.026058 0.212257 0.401575 0.142857
cop_hat_left.bmp
  11 -0.413650 -1.861972 73.471257 0.002425 0.075007 0.997180 0.377953 0.920635
  11 2.516300 -0.111888 72.551254 0.782029 0.251082 0.570428 0.204724 0.698413
  11 2.316243 1.858106 72.091253 0.741092 0.593431 -0.314042 0.039370 0.619048
cop_hat_left.bmp
  11 -0.413650 -1.861972 73.471257 0.002425 0.075007 0.997180 0.377953 0.920635
  11 2.816347 -1.771879 73.031254 0.864174 0.084771 0.496001 0.377953 0.761905
  11 2.516300 -0.111888 72.551254 0.782029 0.251082 0.570428 0.204724 0.698413
cop_hat_left.bmp
  11 -0.413650 -1.861972 73.471257 0.002425 0.075007 0.997180 0.377953 0.920635
  11 0.826420 -4.291936 73.291258 -0.196644 -0.109341 0.974359 0.606299 0.841270
  11 2.816347 -1.771879 73.031254 0.864174 0.084771 0.496001 0.377953 0.761905
cop_hat_left.bmp
  11 -0.413650 -1.861972 73.471257 0.002425 0.075007 0.997180 0.377953 0.920635
  11 1.656473 -6.171913 73.011259 -0.356940 -0.270505 0.894103 0.771654 0.920635
  11 0.826420 -4.291936 73.291258 -0.196644 -0.109341 0.974359 0.606299 0.841270
cop_hat_left.bmp
  11 -0.413650 -1.861972 73.471257 0.002425 0.075007 0.997180 0.377953 0.920635
  11 -0.333507 -6.881970 72.991261 0.005807 -0.095817 0.995382 0.842520 1.000000
  11 1.656473 -6.171913 73.011259 -0.356940 -0.270505 0.894103 0.771654 0.920635
cop_hat_left.bmp
  11 -0.413650 -1.861972 73.471257 0.002425 0.075007 0.997180 0.377953 0.920635
  11 -2.323527 -6.172027 73.031263 0.375514 -0.257421 0.890350 0.771654 0.920635
  11 -0.333507 -6.881970 72.991261 0.005807 -0.095817 0.995382 0.842520 1.000000
cop_hat_left.bmp
  11 -0.413650 -1.861972 73.471257 0.002425 0.075007 0.997180 0.377953 0.920635
  11 -1.553581 -4.282004 73.301261 0.227921 -0.084014 0.970048 0.606299 0.841270
  11 -2.323527 -6.172027 73.031263 0.375514 -0.257421 0.890350 0.771654 0.920635
cop_hat_left.bmp
  11 -0.413650 -1.861972 73.471257 0.002425 0.075007 0.997180 0.377953 0.920635
  11 -3.643652 -1.782064 73.021261 -0.854826 0.051984 0.516305 0.377953 0.761905
  11 -1.553581 -4.282004 73.301261 0.227921 -0.084014 0.970048 0.606299 0.841270
cop_hat_left.bmp
  11 -0.413650 -1.861972 73.471257 0.002425 0.075007 0.997180 0.377953 0.920635
  11 -3.403701 -0.102058 72.551260 -0.792930 0.237771 0.561006 0.204724 0.698413
  11 -3.643652 -1.782064 73.021261 -0.854826 0.051984 0.516305 0.377953 0.761905
cop_hat_left.bmp
  11 -0.413650 -1.861972 73.471257 -0.002425 -0.075007 -0.997180 0.377953 0.920635
  11 -3.643652 -1.782064 73.021261 0.854826 -0.051984 -0.516305 0.377953 0.761905
  11 -3.403701 -0.102058 72.551260 0.792930 -0.237771 -0.561006 0.204724 0.698413
cop_hat_left.bmp
  11 -0.413650 -1.861972 73.471257 -0.002425 -0.075007 -0.997180 0.377953 0.920635
  11 -1.553581 -4.282004 73.301261 -0.227921 0.084014 -0.970048 0.606299 0.841270
  11 -3.643652 -1.782064 73.021261 0.854826 -0.051984 -0.516305 0.377953 0.761905
cop_hat_left.bmp
  11 -0.413650 -1.861972 73.471257 -0.002425 -0.075007 -0.997180 0.377953 0.920635
  11 -2.323527 -6.172027 73.031263 -0.375514 0.257421 -0.890350 0.771654 0.920635
  11 -1.553581 -4.282004 73.301261 -0.227921 0.084014 -0.970048 0.606299 0.841270
cop_hat_left.bmp
  11 -0.413650 -1.861972 73.471257 -0.002425 -0.075007 -0.997180 0.377953 0.920635
  11 -0.333507 -6.881970 72.991261 -0.005807 0.095817 -0.995382 0.842520 1.000000
  11 -2.323527 -6.172027 73.031263 -0.375514 0.257421 -0.890350 0.771654 0.920635
cop_hat_left.bmp
  11 -0.413650 -1.861972 73.471257 -0.002425 -0.075007 -0.997180 0.377953 0.920635
  11 1.656473 -6.171913 73.011259 0.356940 0.270505 -0.894103 0.771654 0.920635
  11 -0.333507 -6.881970 72.991261 -0.005807 0.095817 -0.995382 0.842520 1.000000
cop_hat_left.bmp
  11 -0.413650 -1.861972 73.471257 -0.002425 -0.075007 -0.997180 0.377953 0.920635
  11 0.826420 -4.291936 73.291258 0.196644 0.109341 -0.974359 0.606299 0.841270
  11 1.656473 -6.171913 73.011259 0.356940 0.270505 -0.894103 0.771654 0.920635
cop_hat_left.bmp
  11 -0.413650 -1.861972 73.471257 -0.002425 -0.075007 -0.997180 0.377953 0.920635
  11 2.816347 -1.771879 73.031254 -0.864174 -0.084771 -0.496001 0.377953 0.761905
  11 0.826420 -4.291936 73.291258 0.196644 0.109341 -0.974359 0.606299 0.841270
cop_hat_left.bmp
  11 -0.413650 -1.861972 73.471257 -0.002425 -0.075007 -0.997180 0.377953 0.920635
  11 2.516300 -0.111888 72.551254 -0.782029 -0.251082 -0.570428 0.204724 0.698413
  11 2.816347 -1.771879 73.031254 -0.864174 -0.084771 -0.496001 0.377953 0.761905
cop_hat_left.bmp
  11 -0.413650 -1.861972 73.471257 -0.002425 -0.075007 -0.997180 0.377953 0.920635
  11 2.316243 1.858106 72.091253 -0.741092 -0.593431 0.314042 0.039370 0.619048
  11 2.516300 -0.111888 72.551254 -0.782029 -0.251082 -0.570428 0.204724 0.698413
cop_hat_left.bmp
  11 -0.353531 -6.031970 72.841261 0.007641 0.853041 0.521788 0.425197 0.888889
  11 0.826453 -5.471936 72.791259 -0.428299 0.761055 0.487191 0.259843 0.825397
  11 1.176472 -6.231928 70.511259 -0.570160 0.793293 -0.213549 0.259843 0.126984
cop_hat_left.bmp
  11 -0.353531 -6.031970 72.841261 0.007641 0.853041 0.521788 0.425197 0.888889
  11 1.656473 -6.171913 73.011259 -0.180769 0.277861 0.943460 0.141732 0.936508
  11 0.826453 -5.471936 72.791259 -0.428299 0.761055 0.487191 0.259843 0.825397
cop_hat_left.bmp
  11 -0.353531 -6.031970 72.841261 0.007641 0.853041 0.521788 0.425197 0.888889
  11 -0.333507 -6.881970 72.991261 0.006771 0.162018 0.986765 0.425197 1.000000
  11 1.656473 -6.171913 73.011259 -0.180769 0.277861 0.943460 0.141732 0.936508
cop_hat_left.bmp
  11 -0.353531 -6.031970 72.841261 0.007641 0.853041 0.521788 0.425197 0.888889
  11 -2.323527 -6.172027 73.031263 0.205342 0.284821 0.936329 0.700787 0.936508
  11 -0.333507 -6.881970 72.991261 0.006771 0.162018 0.986765 0.425197 1.000000
cop_hat_left.bmp
  11 -0.353531 -6.031970 72.841261 0.007641 0.853041 0.521788 0.425197 0.888889
  11 -1.553547 -5.482005 72.771261 0.477839 0.729981 0.488669 0.598425 0.825397
  11 -2.323527 -6.172027 73.031263 0.205342 0.284821 0.936329 0.700787 0.936508
cop_hat_left.bmp
  11 -0.353531 -6.031970 72.841261 0.007641 0.853041 0.521788 0.425197 0.888889
  11 -1.703528 -6.232011 70.491262 0.591866 0.782789 -0.192187 0.582677 0.126984
  11 -1.553547 -5.482005 72.771261 0.477839 0.729981 0.488669 0.598425 0.825397
cop_hat_left.bmp
  11 -0.353531 -6.031970 72.841261 0.007641 0.853041 0.521788 0.425197 0.888889
  11 -0.253505 -7.041969 70.381261 0.005559 0.924676 -0.380715 0.409449 0.079365
  11 -1.703528 -6.232011 70.491262 0.591866 0.782789 -0.192187 0.582677 0.126984
cop_hat_left.bmp
  11 -0.353531 -6.031970 72.841261 0.007641 0.853041 0.521788 0.425197 0.888889
  11 1.176472 -6.231928 70.511259 -0.570160 0.793293 -0.213549 0.259843 0.126984
  11 -0.253505 -7.041969 70.381261 0.005559 0.924676 -0.380715 0.409449 0.079365
cop_hat_left.bmp
  11 -3.223638 -2.362054 70.451261 -0.976866 -0.026058 -0.212257 0.401575 0.142857
  11 -3.323696 -0.302056 72.011260 -0.912662 0.132170 -0.386755 0.228346 0.523810
  11 -3.263702 -0.162055 70.041260 -0.878830 0.217105 -0.424880 0.228346 0.222222
cop_hat_left.bmp
  11 -3.263702 -0.162055 70.041260 -0.878830 0.217105 -0.424880 0.228346 0.222222
  11 -3.323696 -0.302056 72.011260 -0.912662 0.132170 -0.386755 0.228346 0.523810
  11 -2.503741 1.187966 69.691258 -0.640266 0.680367 -0.356595 0.110236 0.222222
cop_hat_left.bmp
  11 -3.323696 -0.302056 72.011260 -0.912662 0.132170 -0.386755 0.228346 0.523810
  11 -2.083739 1.177979 71.511258 -0.490099 0.511458 -0.705843 0.086614 0.444444
  11 -2.503741 1.187966 69.691258 -0.640266 0.680367 -0.356595 0.110236 0.222222
cop_hat_left.bmp
  11 -2.503741 1.187966 69.691258 -0.640266 0.680367 -0.356595 0.110236 0.222222
  11 -2.083739 1.177979 71.511258 -0.490099 0.511458 -0.705843 0.086614 0.444444
  11 -0.403755 1.748027 71.341256 0.008778 0.735187 -0.677808 0.039370 0.365079
cop_hat_left.bmp
  11 -2.083739 1.177979 71.511258 -0.490099 0.511458 -0.705843 0.086614 0.444444
  11 -3.273758 1.857946 72.011259 -0.738694 0.567185 -0.364187 0.039370 0.619048
  11 -0.403755 1.748027 71.341256 0.008778 0.735187 -0.677808 0.039370 0.365079
cop_hat_left.bmp
  11 -0.403755 1.748027 71.341256 0.008778 0.735187 -0.677808 0.039370 0.365079
  11 -3.273758 1.857946 72.011259 -0.738694 0.567185 -0.364187 0.039370 0.619048
  11 -0.403778 2.568028 71.781255 0.001078 0.995103 0.098841 0.000000 0.523810
cop_hat_left.bmp
  11 2.316243 1.858106 72.091253 -0.741092 -0.593431 0.314042 0.039370 0.619048
  11 2.466304 -0.311890 71.991253 -0.947280 -0.178924 0.265795 0.228346 0.523810
  11 2.516300 -0.111888 72.551254 -0.782029 -0.251082 -0.570428 0.204724 0.698413
cop_hat_left.bmp
  11 2.516300 -0.111888 72.551254 -0.782029 -0.251082 -0.570428 0.204724 0.698413
  11 2.466304 -0.311890 71.991253 -0.947280 -0.178924 0.265795 0.228346 0.523810
  11 2.816347 -1.771879 73.031254 -0.864174 -0.084771 -0.496001 0.377953 0.761905
cop_hat_left.bmp
  11 2.466304 -0.311890 71.991253 -0.947280 -0.178924 0.265795 0.228346 0.523810
  11 2.486364 -2.381889 72.711255 -0.963575 0.007388 0.267336 0.425197 0.698413
  11 2.816347 -1.771879 73.031254 -0.864174 -0.084771 -0.496001 0.377953 0.761905
cop_hat_left.bmp
  11 2.816347 -1.771879 73.031254 -0.864174 -0.084771 -0.496001 0.377953 0.761905
  11 2.486364 -2.381889 72.711255 -0.963575 0.007388 0.267336 0.425197 0.698413
  11 2.796423 -4.401880 73.291256 -0.997514 0.008050 -0.070010 0.606299 0.920635
cop_hat_left.bmp
  11 2.486364 -2.381889 72.711255 -0.963575 0.007388 0.267336 0.425197 0.698413
  11 2.696361 -2.361885 70.461255 -0.996194 -0.045243 0.074500 0.401575 0.142857
  11 2.796423 -4.401880 73.291256 -0.997514 0.008050 -0.070010 0.606299 0.920635
cop_hat_left.bmp
  11 2.796423 -4.401880 73.291256 -0.997514 0.008050 -0.070010 0.606299 0.920635
  11 2.696361 -2.361885 70.461255 -0.996194 -0.045243 0.074500 0.401575 0.142857
  11 2.296416 -4.241896 70.641256 -0.941730 0.226712 0.248489 0.582677 0.222222
cop_hat_left.bmp
  11 2.696361 -2.361885 70.461255 0.996194 0.045243 -0.074500 0.401575 0.142857
  11 2.486364 -2.381889 72.711255 0.963575 -0.007388 -0.267336 0.425197 0.698413
  11 2.796423 -4.401880 73.291256 0.997514 -0.008050 0.070010 0.606299 0.920635
cop_hat_left.bmp
  11 2.796423 -4.401880 73.291256 0.997514 -0.008050 0.070010 0.606299 0.920635
  11 2.486364 -2.381889 72.711255 0.963575 -0.007388 -0.267336 0.425197 0.698413
  11 2.816347 -1.771879 73.031254 0.864174 0.084771 0.496001 0.377953 0.761905
cop_hat_left.bmp
  11 2.486364 -2.381889 72.711255 0.963575 -0.007388 -0.267336 0.425197 0.698413
  11 2.466304 -0.311890 71.991253 0.947280 0.178924 -0.265795 0.228346 0.523810
  11 2.816347 -1.771879 73.031254 0.864174 0.084771 0.496001 0.377953 0.761905
cop_hat_left.bmp
  11 2.816347 -1.771879 73.031254 0.864174 0.084771 0.496001 0.377953 0.761905
  11 2.466304 -0.311890 71.991253 0.947280 0.178924 -0.265795 0.228346 0.523810
  11 2.516300 -0.111888 72.551254 0.782029 0.251082 0.570428 0.204724 0.698413
cop_hat_left.bmp
  11 2.466304 -0.311890 71.991253 0.947280 0.178924 -0.265795 0.228346 0.523810
  11 2.316243 1.858106 72.091253 0.741092 0.593431 -0.314042 0.039370 0.619048
  11 2.516300 -0.111888 72.551254 0.782029 0.251082 0.570428 0.204724 0.698413
cop_hat_left.bmp
  11 -3.263702 -0.162055 70.041260 0.878830 -0.217105 0.424880 0.228346 0.222222
  11 -2.503741 1.187966 69.691258 0.640266 -0.680367 0.356595 0.110236 0.222222
  11 -3.323696 -0.302056 72.011260 0.912662 -0.132170 0.386755 0.228346 0.523810
cop_hat_left.bmp
  11 -3.323696 -0.302056 72.011260 0.912662 -0.132170 0.386755 0.228346 0.523810
  11 -2.503741 1.187966 69.691258 0.640266 -0.680367 0.356595 0.110236 0.222222
  11 -2.083739 1.177979 71.511258 0.490099 -0.511458 0.705843 0.086614 0.444444
cop_hat_left.bmp
  11 -2.503741 1.187966 69.691258 0.640266 -0.680367 0.356595 0.110236 0.222222
  11 -0.403755 1.748027 71.341256 -0.008778 -0.735187 0.677808 0.039370 0.365079
  11 -2.083739 1.177979 71.511258 0.490099 -0.511458 0.705843 0.086614 0.444444
cop_hat_left.bmp
  11 -2.083739 1.177979 71.511258 0.490099 -0.511458 0.705843 0.086614 0.444444
  11 -0.403755 1.748027 71.341256 -0.008778 -0.735187 0.677808 0.039370 0.365079
  11 -3.273758 1.857946 72.011259 0.738694 -0.567185 0.364187 0.039370 0.619048
cop_hat_left.bmp
  11 -0.403755 1.748027 71.341256 -0.008778 -0.735187 0.677808 0.039370 0.365079
  11 -0.403778 2.568028 71.781255 -0.001078 -0.995103 -0.098841 0.000000 0.523810
  11 -3.273758 1.857946 72.011259 0.738694 -0.567185 0.364187 0.039370 0.619048
cop_hat_left.bmp
  11 2.796423 -4.401880 73.291256 -0.725817 0.685757 -0.054108 0.000000 1.000000
  11 1.656473 -6.171913 73.011259 -0.180769 0.277861 0.943460 0.141732 0.936508
  11 0.826420 -4.291936 73.291258 0.006536 0.157658 -0.987472 0.259843 0.888889
cop_hat_left.bmp
  11 2.796423 -4.401880 73.291256 -0.725817 0.685757 -0.054108 0.000000 1.000000
  11 0.826453 -5.471936 72.791259 -0.428299 0.761055 0.487191 0.259843 0.825397
  11 1.656473 -6.171913 73.011259 -0.180769 0.277861 0.943460 0.141732 0.936508
cop_hat_left.bmp
  11 2.796423 -4.401880 73.291256 -0.725817 0.685757 -0.054108 0.000000 1.000000
  11 1.176472 -6.231928 70.511259 -0.570160 0.793293 -0.213549 0.259843 0.126984
  11 0.826453 -5.471936 72.791259 -0.428299 0.761055 0.487191 0.259843 0.825397
cop_hat_left.bmp
  11 2.796423 -4.401880 73.291256 -0.725817 0.685757 -0.054108 0.000000 1.000000
  11 2.296416 -4.241896 70.641256 -0.881285 0.401683 0.248974 0.125984 0.126984
  11 1.176472 -6.231928 70.511259 -0.570160 0.793293 -0.213549 0.259843 0.126984
cop_hat_left.bmp
  11 -3.333582 -4.232055 73.381263 0.758795 0.648695 -0.058528 0.834646 0.888889
  11 -1.703528 -6.232011 70.491262 0.591866 0.782789 -0.192187 0.582677 0.126984
  11 -2.823585 -4.232042 70.631262 0.883792 0.416129 0.213889 0.700787 0.126984
cop_hat_left.bmp
  11 -3.333582 -4.232055 73.381263 0.758795 0.648695 -0.058528 0.834646 0.888889
  11 -1.553547 -5.482005 72.771261 0.477839 0.729981 0.488669 0.598425 0.825397
  11 -1.703528 -6.232011 70.491262 0.591866 0.782789 -0.192187 0.582677 0.126984
cop_hat_left.bmp
  11 -3.333582 -4.232055 73.381263 0.758795 0.648695 -0.058528 0.834646 0.888889
  11 -2.323527 -6.172027 73.031263 0.205342 0.284821 0.936329 0.700787 0.936508
